1111111111111111111111111111111111111111
1000000000000000000000000000000100000001
1000000000000000000000000000000100000001
1000000000000000000000000000000100000001
1000000000000000000000000000000100000001
1000000000000000000000000000000100000001
1003332223330000000000000000000100000001
1223332323332220000000000000000100000001
1222222232222220000000000000000100000001
1000000000000000000000000000000100000001
1000000000000000000000000000000100000001
1000000000000000000000000000000100000001
1000000000000000000000000000000100000001
1000000400000000000000000000000100000001
1000000000000000000000000000000100000001
1000000000000000000000000000000100000001
1000000000000000000000000000000100000001
1000000000000000000000000000000100000001
1000000000000000000000000000000100000001
1000000000000000000000000000000100000001
1000000000000000000000000000000100000001
1000000000000000000000000000000100000001
1000000000000000000000000000000100000001
1000000000000000000000000000000000000001
1000000000000000000000000000000000000001
1000000000000000000000000000000000000001
1000000000000000000000000000000000000001
1000000000000000000000000000000000000001
1000000000000000000000000000000000000001
1000000000000000000000000000000000000001
1000000000000000000000000000000000000001
1000000000000000000000000000000111110001
1000000000000000000000000000000200020001
1000000000000000000000000000000200020001
1000000000000000000300000000000111110001
1000000000000000000000000000000000000001
1000000000000000000000000000000000000001
1000000000000000000000000000000000000001
1000000000000000000000000000000000000001
1111111111111111111111111111111111111111