1111111111111111111111111111111111111111
1000000000000000000000000000000100000001
1000000000000000000000000000000100000001
1000000000000000000000000000000100000001
1000000000000000000000000000000100000001
1000000000000000000000000000000100000001
1663330003336660000000000000000100000001
1000044000000000000000000000000100000001
1077777777770000000000000000000100000001
1000000000000000000000000000000100000001
1000000010000000000000000000000100000001
1000000000000000000000000000000100000001
1000000000000000000000000000000100000001
1000000000000000000000000000000100000001
1000000000000000000000000000000100000001
1000000000000000000000000000000100000001
1000000000000000000000000000000100000001
1000000000000000000000000000000100000001
1000000000000000000000000000000100000001
1000000000000000000000000000000100000001
1000000000000000000000000000000100000001
1000000000000000000000000000000100000001
1000000000000000000000000000000100000001
1000000000000000000000000000000000000001
1000000000000000000000000000000000000001
1000000000000000000000000000000000000001
1000000000000000000000000000000000000001
1000000000000000000000000000000000000001
1000000000000000000000000000000000000001
1000000000000000000000000000000000000001
1000000000000000000000000000000000000001
1000000000000000000000000000000111110001
1000000000000000000000000000000200020001
1000000000000000000000000000000200020001
1000000000000000000300000000000111110001
1000000000000000000000000000000000000001
1000000000000000000000000000000000000001
1000000000000000000000000000000000000001
1000000000000000000000000000000000000001
1111111111111111111111111111111111111111